$ANSIBLE_VAULT;1.1;AES256
31663164636436613334383261363235303061666636646234633031333735376530386236336665
3730366133363231376138386535336264353565613536320a323864323662343734393663643162
61383736646239616362623036393439656264313534326138643661343837653736386261393237
3134623433366132650a633835383037623533343134646636343864363630353865376332633937
65336239643439363461393164343030353264316432396362323965363632396130633837633534
35623937323935643637323965643834333666316339663664356330616431373162636264333532
31373265666161643236343536303361336336643935633062306437323232333939383739363536
64393730636364666634336631636663626336653632656661363361643566356331616664636138
31656265666639636434663538326439323234636139346262613931313838343633316539343235
34366332326563663363663936653333383837313939646461356638373666646531393631316539
38616265313465373434336133383834613262633130653836616135663639623631326237326632
39666539353935636135373563656137663963626235623936373061343932633131303663366231
64383266633162313166346339653164653362336335636465663333663566386535353134373739
62356663326664326335363566656635323462333061313832373162323439633633333533356338
32336432623030373033336163336536313836396238616239356330386533363566343361353862
34396134366264363965353166626366323832373538626235656265336238643337633234646533
37323062333536393666393466666233306463633762373030343133323066373838633631633833
36376335633038393463646632306663356436356535656266363632663561386430323234326635
34623265396230353061323632653135346566623637313937356161343863643338646133363337
38373539353138616266653734653032633436663435343939373366353235306433623466623036
66643263336436393863666262333434643536316633363736643133306239663865326634316238
31653030613562646533383766343065313435653032626465623062623731393865336165396630
61353534653635643063373333616563643662363032613865646233636164376361636538346336
33613666626334616537663365373132626536386463613964366665653531343063633135323433
3936
